chair: [-0.07565005556080591, 1.003601214037669, -0.7145119431503786, -0.6996232436786748]
cupboard: [-0.44887380615381145, -3.0979812758063243, -0.999796737975444, 0.020161416955698896]
desk: [1.51212294665507, 0.6783054925882408, 0.6968937558033361, 0.7171743812506971]
entrance: [5.681971697231976, 0.7333792568214139, 0.9998829692100252, 0.01529862358985025]
init base: [0.0, 0.0, 0.0, 1.0]
operator: [3.284315727079228, -3.301165878405353, -0.009888648912866171, -0.9999511061160331]
shelf: [-0.6343350262992592, 0.07470218836900733, -0.9999962879624357, -0.0027247130764995325]
table: [1.8462625249774682, -0.34797636001514887, -0.7034479292801848, 0.7107467979466529]
