human_0: [-1.3422195366143923, 3.8947214523679534, 0.6503409007463189, 0.7553118237101869]
human_1: [1.0066280629167894, 2.085379281759266, 0.05065362073509146, 0.9954262649369705]
